Nama Barang,Harga Barang,Penjual,Toko,Terjual,Rating Produk
Seblak Instan Ceu Nthien Khas Bandung Rasana Ngeunah Pisan,Rp15.000,Central Seblak Nusantara,Tangerang Selatan,Terjual 1 rb+,4.9
kerupuk seblak pedas,Rp10.500,Sumber Bahagia snack,Magelang,,
SEBLAK JUARA INSTAN MASAK BASAH ASLI BANDUNG ENAK MANTAP,Rp22.000,Rasa Juara Indonesia,Bandung,Terjual 750+,4.9
"Seblak Instant ""mBak'Well""",Rp15.000,Welly Mart,Tangerang Selatan,Terjual 100+,5.0
KERUPUK SEBLAK MENTAH ANEKA WARNA,Rp11.500,jajanangarut19,Jakarta Selatan,Terjual 100+,4.9
Seblak ala Kang Rafael | Seblak Viral | Seblak Cobek,Rp9.216,vieka mart official,Tangerang Selatan,Terjual 250+,5.0
Kerupuk Seblak Viral / Kerupuk Mawar Putih Viral Mentah 250gram,Rp8.000,Bumbukeluargakita,Jakarta Barat,Terjual 12,5.0
KERUPUK MENTAH SERBA 5000 BAHAN SEBLAK,Rp6.000,GK_Snack,Kab. Bandung,Terjual 500+,5.0
seblak instant sajodo snak,Rp19.000,hikmah berkah jaya,Jakarta Barat,Terjual 750+,4.8
Kerupuk Mawar Bahan Seblak Babangi 250 Gram,Rp7.000,Alanza Frozen Food,Tangerang Selatan,Terjual 17,5.0
SEBLAK JELETET MURNI (AJAHH),Rp26.500,Seblak Jeletet Murni,Jakarta Pusat,Terjual 1 rb+,4.9
Seblak Basranger Extra Pedas 200gr,Rp17.300,Rak Sebelah,Jakarta Pusat,Terjual 250+,4.9
SEBLAK JELETET MURNI (SEXXY),Rp40.000,Seblak Jeletet Murni,Jakarta Pusat,Terjual 250+,4.9
SEBLAK JELETET MURNI (UNYUU),Rp26.500,Seblak Jeletet Murni,Jakarta Pusat,Terjual 250+,4.8
SEBLAK JELETET MURNI ( BOHAYY),Rp34.000,Seblak Jeletet Murni,Jakarta Pusat,Terjual 750+,4.8
Bundle - Basranger Seblak | Baso Aci Extra Pedas | Tulang Rangu,Rp56.300,Rak Sebelah,Jakarta Pusat,Terjual 100+,4.9
Bundle 3pcs - Seblak Basranger Extra Pedas 200gr Makanan Instan,Rp51.900,Rak Sebelah,Jakarta Pusat,Terjual 40+,4.8
seblak instan ksn,Rp12.000,Dilla frozen,Jakarta Pusat,Terjual 3,5.0
Baso urat djuara sami raos/Baso Aci Urat /Seblak,Rp25.000,Snackzone PP,Jakarta Pusat,Terjual 7,5.0
Mommy Seblak Basah Instant 100gr,Rp10.000,emmoshop,Kab. Bogor,Terjual 2 rb+,4.9
SEBLAK INSTANT TERMURAH,Rp3.999,Pusat Cuankie & Cemilan Frozen,Jakarta Timur,Terjual 10 rb+,4.8
Seblak Instan Pedas Home Made,Rp3.500,the Dhecip,Tangerang Selatan,Terjual 1 rb+,4.8
SEBRING KRUPUK KERUPUK SEBLAK KERING PEDAS DAUN JERUK 1KG CABE ASLI,Rp16.000,Aydaa Snack,Surakarta,Terjual 40+,4.9
kerupuk seblak kencur / kerupuk seblak kering - 250gram,Rp12.000,yumnaa snack,Kab. Bekasi,Terjual 30+,4.9
"siomay kering bandung 500 gr. untuk baso aci, seblak ,mie ayam dll",Rp14.999,aghniya,Tangerang Selatan,Terjual 750+,4.9
GURILEM MINI 1KG Siomay Kering Toping Baso Aci Cuanki Seblak,Rp29.999,Pedas Gilaa,Surabaya,Terjual 500+,4.9
SEBLAK KERING PEDAS DAUN JERUK,Rp4.500,BociKakang,Jakarta Selatan,Terjual 500+,4.6
KERUPUK SEBLAK VIRAL RAFAEL (MENTAH) 250GR,Rp17.500,TokokelontongSejahtera,Jakarta Barat,Terjual 28,5.0
Kerupuk Aci Mawar | Kerupuk Mawar Putih | Seblak Rafael Viral | 250gr,Rp7.999,Toko NRV Plastik dan Bahan Kue,Bandung,Terjual 100+,5.0
kerupuk seblak rafael 500gram,Rp13.800,arzy sembako,Kab. Bogor,Terjual 30+,5.0
SEBLAK VIRAL - SEBLAK INSTANT - SEBLAK RAFAEL - SEBLAK MAMANG RAFAEL,Rp8.880,FARADHIFY STORE,Bekasi,Terjual 100+,4.8
Seblak pedas kerupuk pedas kiloan 1 kg,Rp34.000,RIKI STORE 97,Kab. Bogor,Terjual 70+,4.8
Seblak Instan Komplit Pedas Gurih Nikmat,Rp5.999,Baso Aci Ayang,Kab. Garut,Terjual 2 rb+,4.9
Paket Seblak Komplit Instan Pedas Gurih Cobek Kerupuk Mawar Viral,Rp15.000,LarisManis shopp,Kab. Bandung,,
"seblak kurupuk bantat pedas esxtra daun jeruk 1200 geram cemilan pedas - Pedas, 1200 geram",Rp55.000,seblak bandung99,Kab. Bandung,Terjual 10,5.0
Tahu Kering Keriting PREMIUM isi 50 untuk Toping Baso Aci Seblak Mie,Rp16.799,gaiagarut,Kab. Garut,Terjual 100+,4.9
Seblak Cocol Seblak Coet Seblak Viral Seblak Bumbu Basah Seblak rafael,Rp5.000,FAG COLLECTION,Surabaya,,
seblak Noni noni,Rp41.500,Basrengsikembar,Kab. Bandung,Terjual 2,
KERUPUK KRUPUK SEBLAK JABLAY PELANGI PEDAS TERLARIS PER 250GRAM,Rp12.740,Golden Cakery,Jakarta Pusat,Terjual 500+,4.9
kerupuk seblak pedas / kerupuk jablay,Rp15.000,CAMILLANS,Jakarta Selatan,Terjual 12,4.8
kerupuk mawar putih kerupuk seblak,Rp6.250,CIPTA-RASA.,Bandung,Terjual 40+,4.7
kerupuk seblak kencur pedas gurih,Rp5.000,RIKI STORE 97,Kab. Bogor,Terjual 40+,4.6
Seblak Kering Kurupuk Extra Pedas 1Kg Super Renyah&Gurih Asli Bandung ,Rp5.000,FIRMAN TEGAR ADI GUNA,Kab. Bandung,Terjual 6,4.7
Paket Seblak Tjap Harian,Rp10.500,bawang putih tjap harian,Bandung,Terjual 250+,4.9
Siomay Cuanki Kering Isi 25pcs Toping Seblak dan Baso Aci Garut,Rp7.599,gaiagarut,Kab. Garut,Terjual 100+,4.9
siomay mini GURILEM EKONOMIS 50gram Toping Baso Aci Cuanki Seblak,Rp1.710,gaiagarut,Kab. Garut,Terjual 6,4.5
seblak instant komplit bumbu cikruh bandung aufaro snack,Rp6.400,AUFARO SNACK,Kab. Bandung Barat,Terjual 250+,4.9
GURILEM MINI isi 100gr Siomay Kering Toping Baso Aci Cuanki Seblak,Rp3.959,lahawelah,Kab. Garut,Terjual 50+,5.0
Seblak Instan,Rp10.500,RN FROZEN FOOD,Jakarta Selatan,Terjual 50+,4.9
GURILEM MINI isi 250gr Siomay Kering Toping Baso Aci Cuanki Seblak,Rp7.819,gaiagarut,Kab. Garut,Terjual 250+,4.9
GURILEM MINI isi 250gr Siomay Kering Toping Baso Aci Cuanki Seblak,Rp7.819,lahawelah,Kab. Garut,Terjual 100+,4.9
PROMO MURAH PAKET 10 BUNGKUS SEBLAK KOMPLIT BESAR PEDAS MANTUL ENAK,Rp60.000,Warung Kekinian 16,Jakarta Utara,,
"Terlaris, SEBRING / Seblak Kering Bumbu Kacang Khas Bandung - Original",Rp80.000,Tsaadam Lego Home,Kab. Bandung,,
Kerupuk Bawang Hijau 5 Kg (BALL) Kerupuk Seblak / Kerupuk Mentah / Ker,Rp75.000,Distributor Topping Baso Aci,Bandung,,
Kerupuk Bawang Prima / Krupuk Seblak 1kg,Rp35.000,Parengge Rengge bumbu & rempah,Jakarta Timur,,
Seblak Instant Carla With Batagor dan Siomay Jajanan khas Bandung,Rp115.000,Seblak carla,Tangerang,Terjual 750+,5.0
JSR SNACK PAKET BUNDLING HEMAT SEBLAK BASO ACI BASRENG RABOKKI,Rp40.000,DEVAN MUKENAH DEWASA,Jakarta Selatan,Terjual 70+,5.0
[READY MEDAN] Seblak Bandung Instan Super Pedas Termurah Lidah Cuanki,Rp6.900,CemilanPuas,Medan,Terjual 500+,4.8
seblak instan KSN frozen,Rp10.400,Pelangi Girls Naget 2,Depok,Terjual 100+,5.0
SEBLAK GEPREK SAMIRAOS / SEBLAK MIE / SEBLAK SOUN / SEBLAK INSTAN,Rp17.850,TOBELO SHOP,Tangerang,Terjual 100+,4.8
Seblak Mie Baso k.y.l Kylafood,Rp21.465,kylafood,Bandung,Terjual 4 rb+,4.9
cuanki tahu gepeng isi 50 pcs toping seblak baso aci,Rp19.500,CUANKI CULAMETAN,Kab. Garut,Terjual 80+,4.9
Seblak Karuhun k.y.l Kylafood,Rp10.125,kylafood,Bandung,Terjual 4 rb+,4.8
Paket Adha 4 - Dimsum; Seblak Kering; Panzerotti; Seblak Komplit Kuah,Rp107.000,kanskitchen,Bekasi,,
Paket 7 Pack Batagor Kuah Instant CARLA raos pisan terdekat,Rp87.500,Seblak carla,Tangerang,Terjual 5,5.0
"keripik beling/kaca 1/2 kg. bumbu seblak daun jeruk enak, gurih, pedas",Rp25.999,aghniya,Tangerang Selatan,Terjual 250+,4.9
seblak kerupuk bantet kering 75 gram,Rp5.000,RIKI STORE 97,Kab. Bogor,Terjual 90+,4.7
aneka kerupuk mix untuk bahan seblak 500 gr,Rp14.999,aghniya,Tangerang Selatan,Terjual 100+,5.0
Seblak Putri 80 gr,Rp12.500,King Fresh Mart,Jakarta Barat,Terjual 10,5.0
Kerupuk Seblak Pedas 200gram,Rp17.000,toko bemo,Jakarta Timur,Terjual 100+,4.8
Seblak Cimol Kering Pedas 150gr | Snack Kiloan JST,Rp10.000,Jember Snack Time,Kab. Jember,Terjual 100+,4.8
Seblak Instant Basranger Extra Pedas Daun Jeruk (200gr),Rp17.300,Gerai Snack Official Shop,Kab. Tangerang,Terjual 100+,4.8
Best Seller seblak aci pedas / cemilan pedas / seblak siomay 250gr,Rp15.000,Mokosnacksby,Surabaya,Terjual 60+,4.9
Seblak Basah Instant Pedas / Extra Pedas - Extra Pedas,Rp20.000,kualikika,Kab. Tangerang,Terjual 40+,5.0
"kerupuk seblak pedas dan gurih daun jeruk - Original, 1 kg",Rp50.000,BOSofficial,Kab. Garut,,
Kerupuk Jablay/ Kerupuk Seblak Pedas.,Rp10.000,DapoerOeti,Jakarta Barat,Terjual 28,4.5
MIE BURUNG DARA ISI 30 PCS BASO ACI/BOCI/SEBLAK,Rp22.000,ArfaOnlineShop,Tangerang,Terjual 40+,4.6
Kerupuk merah 1Kg mentah untuk nasi uduk bubur ayam bahan seblak murah,Rp24.000,Bosmart99,Jakarta Selatan,Terjual 250+,4.9
STIK KERUPUK SEBLAK PEDAS 250 GRAM,Rp20.000,Akang Kripik,Jakarta Timur,Terjual 15,5.0
KERUPUK SEBLAK SEBRING PEDAS,Rp43.610,G Cakery,Jakarta Pusat,Terjual 25,5.0
Batagor Kuah Instant Mami Jajanan khas Bandung,Rp70.000,Seblak carla,Tangerang,Terjual 30+,5.0
SEBLAK KERING 100gr DUA VARIAN RASA - Pedas DJ,Rp9.000,jajanangarut19,Jakarta Selatan,Terjual 100+,4.5
seblak kerupuk bantet pedas-kerupuk bantet wana-seblak pedas-seblak,Rp15.000,Juhalim Store,Kab. Garut,Terjual 15,5.0
seblak instan varian mie tanpa tulang,Rp10.000,Ladjangfood,Bandung,,
BUBUK CABAI/CABE BASO ACI/BOCI/SEBLAK/CUANKI ECERAN,Rp699,ArfaOnlineShop,Tangerang,Terjual 250+,5.0
Kerupuk Mentah seblak 1kg,Rp18.000,DINAYASHOP,Jakarta Barat,Terjual 70+,4.4
Oifyoo Seblak Mozarella,Rp22.000,Clower Mart,Jakarta Barat,Terjual 24,4.8
seblak ceker pedas kerupuk,Rp9.000,ken-olshop,Bekasi,Terjual 250+,5.0
KERUPUK SEBLAK KENCUR PEDAS 1KG/SNACK KILOAN,Rp41.000,ajs(ale jaya snack),Jakarta Utara,Terjual 2,5.0
Sami Raos Baso MIE SEBLAK Geprek Khas Garut 135 Gram,Rp16.500,Alanza Frozen Food,Tangerang Selatan,Terjual 16,5.0
Krupuk Seblak Kencur Seblak Jablay 250gr,Rp12.500,Mokosnacksby,Surabaya,Terjual 250+,4.9
Kerupuk Bawang Warna Putih Dan Orange 500Gram Seblak Nasi Uduk Dll,Rp11.000,Distributor-Jaya,Tangerang,Terjual 100+,4.9
kerupuk bawang mentah/kerupuk seblak/kerupuk warna warni 1kg,Rp37.000,tukangsayurjkt,Jakarta Selatan,Terjual 30+,5.0
"Paket Happy (Seblak Original, Batagor Kuah, Bacil)",Rp53.625,kylafood,Bandung,Terjual 500+,4.9
"Seblak kuah instan , Seblak khas garut",Rp6.000,iwan resistans leather,Kab. Garut,Terjual 15,4.7
Kerupuk Seblak Bantat Bintang pedas,Rp12.900,CEMILAGIH,Kab. Garut,Terjual 27,5.0
"Seblak kuah instan , Seblak khas garut a",Rp6.000,iwan resistans leather,Kab. Garut,Terjual 19,4.5
Batagor Chips BeChips Keripik Batagor Khas Bandung Cemilan Kekinian,Rp19.900,The Little Snacks,Tangerang Selatan,Terjual 90+,5.0
keripik seblak pedas jeruk,Rp18.000,Snack Zone Official,Jakarta Selatan,Terjual 70+,4.9
KERUPUK OREN - KERUPUK SEBLAK MENTAH - 500GRAM - ANEKA SAYURAN SEGAR,Rp10.000,Aneka Sayuran Segar,Jakarta Utara,Terjual 80+,4.9
Pasar Keripik Cimol Seblak Pedas size Kecil 130g,Rp12.500,Pasar Keripik,Bandung,Terjual 500+,4.9
Krupuk Seblak Pedas Kencur 500 gram Terlaris,Rp33.000,Toko Toni Jaya Mandiri,Kab. Bekasi,Terjual 13,5.0
seblak kerupuk kering pedas gurih 100 gram,Rp5.000,Seblak putra bandung,Kab. Bandung,Terjual 100+,4.8
Seblak Basah Instan Good Friend (90gr),Rp15.500,Gerai Snack Official Shop,Kab. Tangerang,Terjual 40+,5.0
Seblak Kwetiaw k.y.l Kylafood,Rp17.415,kylafood,Bandung,Terjual 4 rb+,4.9
seblak instan YS,Rp5.500,yossy food,Kab. Karawang,Terjual 500+,
Kylafood Paket ( 2 Seblak Original 3 Batagor Kuah ),Rp91.390,kylafood,Bandung,Terjual 250+,4.9
Seblak Goreng Nyuuuus,Rp22.500,FrescaFresco,Tangerang Selatan,,
Kylafood Seblak Mie Baso Sapi Play,Rp18.550,kylafood,Bandung,Terjual 250+,4.9
kerupuk seblak kering pedas daun jeruk 250 gram,Rp15.000,Toko Yazid Cita Rasa,Bandung,Terjual 4,5.0
kerupuk seblak pedas daun jeruk 1 kg,Rp37.500,hokinaCemilan,Cimahi,Terjual 100+,5.0
KERUPUK SEBLAK CABE IJO,Rp18.000,Madinah Oleh Oleh Bdg,Bandung,Terjual 100+,4.7
KRUPUK / KERUPUK MENTAH / KERUPUK SEBLAK MENTAH 200 GR MAWAR KUNING,Rp5.000,SuperSnacksShop,Kab. Bandung,Terjual 25,5.0
Kerupuk merah 250g mentah tuk nasi uduk bubur ayam bahan seblak murah,Rp7.000,Bosmart99,Jakarta Selatan,Terjual 80+,4.9
Seblak Instant Pusaka Parahyangan [85gr],Rp15.000,indieshop786,Kab. Garut,,
Makaroni Mentah 500gr Makaroni Bantat Bahan Seblak Dan Cemilan - 100 gram,Rp3.000,tokomakanankalimantan,Jakarta Barat,Terjual 12,5.0
Cuanki tahu atau batagor kering kiloan murah isi 150 seblak baso aci,Rp32.500,CuankiCulametan,Kab. Garut,Terjual 80+,4.8
"Paket Cemilan Cup Instan Praktis (Batagor, Cuanki, Seblak Basah)",Rp59.000,The Little Snacks,Tangerang Selatan,Terjual 250+,4.9
Cuanki Pangsit kering Segitiga Cipet isi 100 toping seblak baso aci,Rp31.000,CuankiCulametan,Kab. Garut,Terjual 30+,4.5
Kerupuk Seblak / Seblak / Kering Pedas /,Rp10.000,Anggris store,Kab. Bogor,Terjual 40+,4.8
seblak kering seblak bantet pedas daun jeruk/ kerupuk putih isi 100gr,Rp5.000,Azmi Ngemil yukkk3,Kab. Bandung,Terjual 70+,4.9
Gurilem Siomay Mini Kering 1KG Toping Seblak Baso Aci BISA COD,Rp49.680,Onesupp Acc,Jakarta Barat,Terjual 7,5.0
SEBLAK INSTAN MERCON,Rp3.999,dapurmami id,Tangerang,Terjual 50+,4.8
KRUPUK / KERUPUK MENTAH / KERUPUK SEBLAK MENTAH 1kg IKAN MERAH,Rp23.500,SuperSnacksShop,Kab. Bandung,Terjual 100+,4.7
